[?25l[0m [38;2;0;0;0m    [0m [38;2;86;58;70m▃[0m [38;2;21;25;30m            [0m
 [38;2;0;0;0m    [7m[38;2;124;77;94m▘[38;2;128;79;96m▝[0m[38;2;120;75;91;48;2;83;56;68m▇[0m[38;2;118;74;89m▃[38;2;116;73;88m▁          [0m
 [38;2;0;0;0m  [0m  [38;2;204;194;194;48;2;145;105;118m▃[38;2;183;160;168;48;2;109;72;85m▗[38;2;191;168;176;48;2;94;64;75m▆[38;2;181;159;167;48;2;81;51;62m▇[0m[7m[38;2;160;134;143m▃[0m[38;2;144;113;124m▘     [0m [38;2;48;37;45m   [0m
 [38;2;0;0;0m  [7m[38;2;191;63;97m▍[0m[38;2;187;63;96m▇[38;2;191;76;106;48;2;207;203;200m▆[38;2;192;74;104;48;2;204;193;193m▄[38;2;192;72;102;48;2;199;177;183m▂[0m[38;2;192;158;167m▎[0m [38;2;21;25;30m [38;2;139;80;98m▁[38;2;236;125;155m▂[38;2;231;123;152m▄[38;2;249;132;163m▅[38;2;244;129;160m▇[38;2;252;133;164m▋   [0m
 [38;2;37;45;49m▗[38;2;45;54;58m▄[38;2;31;38;42;48;2;87;48;61m▏[38;2;41;40;43;48;2;184;62;94m▃[38;2;119;52;70;48;2;189;63;96m▁[48;2;193;64;98m  [38;2;193;64;98;48;2;192;64;98m╴[0m[38;2;189;64;97m▇[38;2;244;128;159m▇[38;2;254;134;166;48;2;253;133;165m╴[48;2;254;134;166m    [0m[38;2;254;134;166m▋   [0m
  [38;2;47;57;61;48;2;46;56;60m┊[38;2;44;54;58;48;2;31;40;41m▌[48;2;30;39;40m [38;2;32;39;40;48;2;80;46;57m▇[38;2;54;42;48;48;2;184;62;94m▖[48;2;193;64;98m   [38;2;243;123;154;48;2;254;134;166m▏     [0m[38;2;254;134;166m▋   [0m
 [7m[38;2;40;49;53m▉[0m[38;2;21;25;30;48;2;47;57;61m [38;2;45;54;58;48;2;30;39;40m▌  [38;2;40;40;43;48;2;161;58;85m▋[38;2;173;60;90;48;2;191;63;97m▏[48;2;193;64;98m  [38;2;244;124;155;48;2;254;134;166m▏     [0m[38;2;254;134;166m▋   [0m
  [7m[38;2;45;54;58m▖[0m[38;2;30;39;40;48;2;45;54;58m▝[38;2;37;46;48;48;2;30;39;40m▁[38;2;100;48;63;48;2;35;39;41m▁[38;2;52;41;47;48;2;153;57;82m▘[38;2;159;58;84;48;2;190;63;97m▎[48;2;193;64;98m  [38;2;244;124;155;48;2;254;134;166m▏    [38;2;254;134;166;48;2;248;131;162m╴[0m[38;2;218;117;145m▋   [0m
 [38;2;0;0;0m  [7m[38;2;38;46;50m▇[38;2;44;52;56m▇[38;2;121;49;69m▆[38;2;157;57;83m▅[38;2;179;60;92m▃[38;2;190;63;97m▂[0m[38;2;141;51;77;48;2;193;64;98m▁[38;2;193;105;130;48;2;253;132;164m▁[0m[7m[38;2;251;132;164m▂[38;2;238;126;156m▃[38;2;245;129;160m▅[38;2;203;110;136m▆[0m [38;2;21;25;30m    [0m
 [38;2;0;0;0m        [0m  [38;2;21;25;30m         [0m
[?25h